5 1 1 1 1 9 1 1 9 1 1 1 1 1 1 9
4 0 0 0 22 0 0 0 0 0 6 0 0 0 0 8
4 0 0 0 0 0 0 0 0 0 0 0 10 0 18 8
4 5 0 0 0 0 0 0 0 22 0 0 4 0 0 8
4 0 0 0 0 0 10 0 0 0 0 0 0 0 0 10
6 0 0 0 0 0 0 0 6 0 0 0 0 0 0 8
4 0 9 2 0 0 0 0 0 0 0 0 0 9 0 8
4 0 0 0 0 16 0 5 9 0 0 0 0 0 0 8
4 0 0 0 19 0 0 6 10 0 0 0 0 0 0 8
4 0 4 0 0 0 0 0 0 0 10 0 0 0 0 8
6 0 9 0 0 0 0 0 0 0 0 0 0 0 0 8
4 0 0 0 0 0 0 5 0 0 0 0 1 6 0 8
4 0 0 0 0 0 0 0 0 16 0 0 0 0 0 8
5 20 0 0 0 0 0 0 0 5 0 0 0 0 0 9
4 0 0 0 0 10 0 0 0 0 0 20 0 0 0 8
6 2 2 2 2 2 10 2 2 2 10 2 2 2 2 10